8 9 10 9 11 8 9 10 9 11 8 9 10 9 11 8 9 10 11
0 0 0 0 0 0 0 0 0 0 0 0 0 0 0 0 0 0 0
1 1 1 1 3 0 0 0 0 0 0 0 0 0 0 0 0 7 0
0 0 0 0 2 0 0 0 0 0 6 1 1 1 1 3 0 0 0
0 0 0 0 2 0 0 0 0 0 2 0 0 0 0 2 0 0 0
0 0 0 0 2 0 0 14 0 0 2 0 0 0 0 2 0 0 0
0 0 0 0 2 0 0 0 0 0 2 0 0 0 0 2 0 0 0
0 0 0 0 2 0 0 0 0 0 2 0 0 0 0 2 0 0 0
0 0 0 0 2 0 0 0 0 0 2 0 0 0 0 2 0 0 0
0 13 0 0 4 1 1 1 1 1 5 0 0 0 0 2 0 0 0
0 0 0 0 0 0 0 0 0 0 0 0 0 0 0 2 0 0 0
0 0 0 0 0 0 0 0 0 0 0 0 0 0 0 2 0 0 0
0 7 12 12 0 0 0 0 0 0 0 0 14 0 0 4 1 1 1
0 12 13 12 0 0 13 0 0 0 0 0 0 0 0 0 0 0 0
0 0 0 0 0 0 0 0 0 0 12 0 0 0 0 0 0 13 0